107.0 477.0 172.0 10.0 0.0
469.0 158.0 220.0 10.0 0.0
318.0 75.0 241.0 10.0 0.0
53.0 76.0 184.0 10.0 0.0
587.0 332.0 227.0 10.0 0.0
396.0 196.0 290.0 10.0 209.0
339.0 241.0 356.0 10.0 0.0
219.0 158.0 123.0 10.0 0.0

43.0 113.0 244.0 10.0 158.0
210.0 199.0 233.0 10.0 0.0
344.0 247.0 204.0 10.0 0.0
523.0 329.0 295.0 10.0 0.0
138.0 431.0 210.0 10.0 0.0
125.0 211.0 211.0 10.0 217.0
546.0 288.0 187.0 10.0 68.0

1.0 249.0 398.0 10.0 297.0
530.0 69.0 325.0 10.0 0.0
336.0 100.0 133.0 10.0 0.0
415.0 45.0 167.0 10.0 0.0
585.0 274.0 336.0 10.0 309.0
299.0 392.0 397.0 10.0 118.0
55.0 271.0 291.0 10.0 0.0
18.0 441.0 364.0 10.0 0.0

86.0 91.0 247.0 10.0 0.0
277.0 111.0 206.0 10.0 0.0
506.0 369.0 148.0 10.0 287.0
32.0 189.0 200.0 10.0 0.0
376.0 63.0 387.0 10.0 95.0
197.0 243.0 194.0 10.0 344.0
7.0 200.0 371.0 10.0 0.0
373.0 276.0 285.0 10.0 346.0

3.0 276.0 104.0 10.0 305.0
153.0 247.0 251.0 10.0 0.0
418.0 118.0 344.0 10.0 0.0
531.0 345.0 283.0 10.0 0.0
86.0 145.0 195.0 10.0 79.0
588.0 266.0 138.0 10.0 71.0
256.0 201.0 121.0 10.0 140.0
425.0 444.0 218.0 10.0 0.0

204.0 262.0 102.0 10.0 40.0
326.0 349.0 191.0 10.0 0.0
235.0 167.0 369.0 10.0 174.0
412.0 94.0 275.0 10.0 115.0
511.0 409.0 360.0 10.0 0.0
285.0 459.0 132.0 10.0 0.0
72.0 151.0 189.0 10.0 352.0
406.0 83.0 240.0 10.0 0.0

233.0 264.0 193.0 10.0 238.0
392.0 70.0 234.0 10.0 279.0
567.0 419.0 321.0 10.0 0.0
134.0 9.0 397.0 10.0 25.0
377.0 237.0 292.0 10.0 304.0
262.0 84.0 289.0 10.0 0.0
143.0 258.0 273.0 10.0 0.0
62.0 375.0 261.0 10.0 0.0

412.0 286.0 341.0 10.0 163.0
32.0 310.0 260.0 10.0 0.0
459.0 374.0 184.0 10.0 0.0
330.0 24.0 303.0 10.0 0.0
410.0 179.0 114.0 10.0 127.0
608.0 349.0 328.0 10.0 0.0
396.0 72.0 241.0 10.0 345.0
267.0 225.0 158.0 10.0 0.0

627.0 7.0 102.0 10.0 0.0
233.0 138.0 286.0 10.0 339.0
57.0 340.0 319.0 10.0 0.0
526.0 70.0 111.0 10.0 267.0
55.0 217.0 207.0 10.0 0.0
599.0 107.0 308.0 10.0 0.0
132.0 219.0 128.0 10.0 0.0
481.0 330.0 188.0 10.0 0.0

369.0 123.0 263.0 10.0 0.0
389.0 22.0 162.0 10.0 0.0
436.0 116.0 120.0 10.0 283.0
221.0 345.0 296.0 10.0 5.0
359.0 233.0 199.0 10.0 0.0
391.0 424.0 109.0 10.0 0.0
368.0 332.0 284.0 10.0 338.0
192.0 294.0 214.0 10.0 0.0

606.0 33.0 319.0 10.0 214.0
570.0 409.0 137.0 10.0 0.0
270.0 327.0 218.0 10.0 341.0
639.0 444.0 334.0 10.0 209.0
52.0 115.0 307.0 10.0 183.0
406.0 216.0 261.0 10.0 34.0
231.0 352.0 202.0 10.0 190.0
266.0 342.0 169.0 10.0 0.0

14.0 57.0 258.0 10.0 0.0
127.0 394.0 257.0 10.0 172.0
565.0 380.0 112.0 10.0 0.0
265.0 275.0 276.0 10.0 0.0
586.0 122.0 204.0 10.0 0.0
275.0 126.0 120.0 10.0 0.0
12.0 373.0 316.0 10.0 159.0
441.0 467.0 311.0 10.0 0.0
